Pulses common to files: ../../../misc/SA1_HDD_midplane_pulse_list-all.txt
29737
29738
29739
29741
29742
29743
29746
29747
29748
29749
29751
29752
29753
29754
29758
29759
29761
29762
29763
29764
29767
29768
29769
29771
29775
29776
29777
29778
29780
29781
29782
29783
29784
29785
29786
29790
29790
29791
29794
29795
29796
29799
29800
29801
29803
29807
29808
29811
29812
29813
29814
29815
29818
29820
29821
29823
29824
29825
29826
29827
29828
29829
29832
29834
29835
29837
29840
29841
29843
29845
29846
29848
29849
29851
29852
29854
29855
29859
29862
29872
29873
29876
29877
29878
29879
29880
29881
29882
29883
29884
29885
29887
29888
29889
29890
29891
29892
29893
29894
29895
29896
29902
29904
29905
29906
29907
29908
29909
29910
29912
29914
29915
29916
29917
29918
29919
29920
29921
29922
29923
29924
29925
29927
29928
29929
29934
29935
29936
29937
29938
29939
29940
29941
29942
29943
29944
29947
29948
29949
29951
29952
29953
29954
29955
29956
29957
29958
29959
29960
29961
29962
29963
29964
29966
29969
29970
29971
29972
29974
29975
29976
29978
29980
29981
29982
29983
29986
29987
29988
29989
29991
29992
29993
29994
30005
30006
30007
30008
30009
30010
30011
30012
30014
30015
30016
30017
30019
30020
30023